   Min. 1st Qu.  Median    Mean 3rd Qu.    Max.    NA's 
   -Inf      22      43     NaN     900     Inf       3 
   team experience salary points3 points2 points1 points off_rebounds def_rebounds
1   ATL         NA     93     660    2337    1453   8107          832         2676
2   BOS         NA     92     985    2183    1536   8857          744         2698
3   BRK         NA     76     777    2040    1444   7855          689         2697
4   CHI         NA     92     565    2162    1330   7349          865         2419
5   CHO         NA     88     808    2089    1497   8099          621         2615
6   CLE         NA    127    1030    2148    1384   8770          735         2673
7   DAL         NA     93     712    1754    1007   6651          521         2063
8   DEN         NA     79     868    2351    1477   8783          872         2660
9   DET         NA    103     631    2638    1140   8309          908         2838
10  GSW         NA    100     982    2545    1455   9491          770         2869
11  HOU         NA     87    1140    2011    1623   9065          857         2608
12  IND         NA     93     709    2512    1467   8618          742         2702
13  LAC         NA    115     841    2401    1586   8911          738         2790
14  LAL         NA     85     582    2069    1021   6905          789         2213
15  MEM         NA    109     757    2176    1489   8112          880         2582
16  MIA         NA     73     799    2349    1217   8312          856         2648
17  MIL         NA    105     720    2462    1413   8497          723         2589
18  MIN         NA     60     599    2607    1580   8591          932         2516
19  NOP         NA     94     519    1956    1128   6597          580         2248
20  NYK         NA     97     636    2445    1262   8060          962         2592
21  OKC         NA     87     611    2380    1511   8104          936         2628
22  ORL         NA    104     618    2178    1232   7442          707         2452
23  PHI         NA     56     718    1960    1225   7299          690         2354
24  PHO         NA     73     569    2554    1615   8430          882         2464
25  POR         NA    102     847    2148    1386   8223          706         2428
26  SAC         NA     88     562    1838     998   6360          525         1876
27  SAS         NA    105     753    2469    1440   8637          821         2777
28  TOR         NA    108     626    2359    1570   8166          847         2535
29  UTA         NA     80     791    2242    1401   8258          771         2774
30  WAS         NA    101     718    2526    1368   8574          806         2564
   assists steals blocks turnovers fouls efficiency
1     1846    645    381      1201  1432        NaN
2     2069    617    340      1037  1686        Inf
3     1664    568    382      1212  1620        Inf
4     1746    605    339       956  1275        NaN
5     1806    543    316       820  1177        Inf
6     1779    483    304      1020  1356        NaN
7     1183    507    257       674  1229        NaN
8     2015    543    286      1102  1475        Inf
9     1732    574    310       932  1467        NaN
10    2486    782    554      1179  1581        Inf
11    1969    617    331      1113  1473        Inf
12    1844    669    409      1087  1597        Inf
13    1848    612    347      1022  1626        Inf
14    1334    510    267       972  1444        966
15    1725    629    335       993  1798        Inf
16    1728    579    464      1019  1647        Inf
17    1984    666    436      1096  1660        NaN
18    1924    641    368      1085  1620        Inf
19    1531    502    380       828  1168        Inf
20    1499    526    451       975  1584        Inf
21    1610    595    395      1133  1561        Inf
22    1760    546    305       987  1445        NaN
23    1816    613    375      1197  1573        Inf
24    1531    588    385      1171  1887        Inf
25    1508    522    342       978  1581        788
26    1402    506    232       850  1303        Inf
27    1954    655    484      1057  1498        Inf
28    1469    620    379       932  1609        Inf
29    1651    550    410      1060  1545        Inf
30    1893    655    325      1062  1643        NaN
Warning in install.packages :
  package ‘ggplot’ is not available (for R version 3.5.1)
Warning in install.packages :
  package ‘ggplot’ is not available (for R version 3.5.1)
[1] "/Users/Dom/Desktop/hw-stat133-Domtortes/Workout1/code"
[1] "/Users/Dom/Desktop"
